# Number of steps
2000
# Timestep (fs)
0.1
# Number of atoms
144
Mass (amu)
39.948
# sigma (ang)
3.4000
# epsilon (eV)
0.0104
# Temperature (K)
300.0
# Size of the box
30.0 
# xyz coordinates (ang)
  Ar       24.62888       12.53451        5.83756
  Ar       24.64543       12.92701       10.95256
  Ar       24.63810       13.36652       16.68695
  Ar       24.40336       13.80136       22.42046
  Ar       20.97148       12.46095        5.84371
  Ar       20.98798       12.85345       10.95871
  Ar       20.98068       13.29295       16.69311
  Ar       20.74598       13.72775       22.42661
  Ar       16.83402       12.37244        5.78231
  Ar       16.85052       12.76494       10.89731
  Ar       16.84322       13.20444       16.63171
  Ar       16.60852       13.63924       22.36521
  Ar       12.94865       11.97927        5.63118
  Ar       12.96515       12.37177       10.74618
  Ar       12.95785       12.81127       16.48058
  Ar       12.72315       13.24607       22.21408
  Ar        8.85322       11.95382        5.70803
  Ar        8.86972       12.34632       10.82303
  Ar        8.86242       12.78582       16.55743
  Ar        8.62772       13.22062       22.29093
  Ar        4.92148       11.86421        5.57789
  Ar        4.93798       12.25671       10.69289
  Ar        4.93068       12.69621       16.42729
  Ar        4.69598       13.13101       22.16079
  Ar        4.92147        7.79706        5.57790
  Ar        4.93797        8.18956       10.69290
  Ar        4.93067        8.62906       16.42730
  Ar        4.69597        9.06386       22.16080
  Ar       24.62887        8.46730        5.83760
  Ar       24.64547        8.85980       10.95260
  Ar       24.63807        9.29930       16.68700
  Ar       24.40337        9.73420       22.42050
  Ar       20.97147        8.39380        5.84370
  Ar       20.98797        8.78630       10.95870
  Ar       20.98067        9.22580       16.69310
  Ar       20.74597        9.66060       22.42660
  Ar       16.83397        8.30530        5.78230
  Ar       16.85047        8.69780       10.89730
  Ar       16.84317        9.13730       16.63170
  Ar       16.60847        9.57210       22.36520
  Ar       12.94862        7.91211        5.63120
  Ar       12.96512        8.30461       10.74620
  Ar       12.95782        8.74411       16.48060
  Ar       12.72312        9.17891       22.21410
  Ar        8.85327        7.88666        5.70800
  Ar        8.86977        8.27916       10.82300
  Ar        8.86247        8.71866       16.55740
  Ar        8.62777        9.15346       22.29090
  Ar        4.85135       21.12054        5.57790
  Ar        4.85135       16.49245        5.57790
  Ar        8.78315       16.58205        5.70800
  Ar        8.78315       21.21014        5.70800
  Ar        4.86785       21.51304       10.69290
  Ar        4.86785       16.88495       10.69290
  Ar        8.79965       16.97455       10.82300
  Ar        8.79965       21.60264       10.82300
  Ar        4.86055       21.95254       16.42730
  Ar        4.86055       17.32445       16.42730
  Ar        8.79235       17.41405       16.55740
  Ar        8.79235       22.04214       16.55740
  Ar        4.62585       17.75925       22.16080
  Ar        4.62585       22.38734       22.16080
  Ar        8.55765       17.84885       22.29090
  Ar        8.55765       22.47694       22.29090
  Ar       24.55875       21.79084        5.83760
  Ar       24.57535       22.18334       10.95260
  Ar       24.56795       22.62284       16.68700
  Ar       24.33325       23.05774       22.42050
  Ar       20.90135       21.71734        5.84370
  Ar       20.91785       22.10984       10.95870
  Ar       20.91055       22.54934       16.69310
  Ar       20.67585       22.98414       22.42660
  Ar       16.76385       21.62884        5.78230
  Ar       16.78035       22.02134       10.89730
  Ar       16.77305       22.46084       16.63170
  Ar       16.53835       22.89564       22.36520
  Ar       12.87855       21.23564        5.63120
  Ar       12.89505       21.62814       10.74620
  Ar       12.88775       22.06764       16.48060
  Ar       12.65305       22.50244       22.21410
  Ar       24.55875       17.16265        5.83760
  Ar       24.57535       17.55515       10.95260
  Ar       24.56795       17.99465       16.68700
  Ar       24.33325       18.42955       22.42050
  Ar       20.90135       17.08915        5.84370
  Ar       20.91785       17.48165       10.95870
  Ar       20.91055       17.92115       16.69310
  Ar       20.67585       18.35595       22.42660
  Ar       16.76385       17.00065        5.78230
  Ar       16.78035       17.39315       10.89730
  Ar       16.77305       17.83265       16.63170
  Ar       16.53835       18.26745       22.36520
  Ar       12.87845       16.60745        5.63120
  Ar       12.89495       16.99995       10.74620
  Ar       12.88765       17.43945       16.48060
  Ar       12.65295       17.87425       22.21410
  Ar        4.85131        3.16890        5.57790
  Ar       12.87851        3.28390        5.63120
  Ar        8.78311        3.25850        5.70800
  Ar       16.76381        3.67710        5.78230
  Ar       24.55871        3.83910        5.83760
  Ar       20.90131        3.76560        5.84370
  Ar        4.86781        3.56140       10.69290
  Ar       12.89501        3.67640       10.74620
  Ar        8.79961        3.65100       10.82300
  Ar       16.78031        4.06960       10.89730
  Ar       24.57531        4.23160       10.95260
  Ar       20.91781        4.15810       10.95870
  Ar        4.86051        4.00090       16.42730
  Ar       12.88771        4.11590       16.48060
  Ar        8.79231        4.09050       16.55740
  Ar       16.77301        4.50910       16.63170
  Ar       24.56791        4.67110       16.68700
  Ar       20.91051        4.59760       16.69310
  Ar        4.62581        4.43570       22.16080
  Ar       12.65301        4.55070       22.21410
  Ar        8.55761        4.52530       22.29090
  Ar       16.53831        4.94390       22.36520
  Ar       24.33321        5.10600       22.42050
  Ar       20.67581        5.03240       22.42660
  Ar        4.71112       25.25790        5.57790
  Ar       12.73822       25.37290        5.63120
  Ar        8.64292       25.34750        5.70800
  Ar       16.62362       25.76610        5.78230
  Ar       24.41852       25.92810        5.83760
  Ar       20.76112       25.85460        5.84370
  Ar        4.72762       25.65040       10.69290
  Ar       12.75472       25.76540       10.74620
  Ar        8.65942       25.74000       10.82300
  Ar       16.64012       26.15860       10.89730
  Ar       24.43512       26.32060       10.95260
  Ar       20.77762       26.24710       10.95870
  Ar        4.72032       26.08990       16.42730
  Ar       12.74742       26.20490       16.48060
  Ar        8.65212       26.17950       16.55740
  Ar       16.63282       26.59810       16.63170
  Ar       24.42772       26.76010       16.68700
  Ar       20.77032       26.68660       16.69310
  Ar        4.48562       26.52470       22.16080
  Ar       12.51272       26.63970       22.21410
  Ar        8.41742       26.61430       22.29090
  Ar       16.39812       27.03290       22.36520
  Ar       24.19302       27.19500       22.42050
  Ar       20.53562       27.12140       22.42660
